jails:
  jail:
    world: 4a3cd58c-44ef-41fd-9297-3ce88a41f351
    world-name: grifer
    x: 19.49564656477081
    y: 64.0
    z: -193.4215585429889
    yaw: 92.56695556640625
    pitch: 10.80023193359375
