spawns:
  default:
    world: 4a3cd58c-44ef-41fd-9297-3ce88a41f351
    world-name: grifer
    x: -13.501785003971207
    y: 68.0
    z: -181.52281124207045
    yaw: -6.7425537109375
    pitch: 5.549729824066162
