world: 4a3cd58c-44ef-41fd-9297-3ce88a41f351
world-name: grifer
x: -893.7938539827319
y: 63.0
z: -7170.031561726692
yaw: -90.9975814819336
pitch: 77.60619354248047
name: al1
lastowner: 84e73d08-b7f3-3873-8d20-36444e597539
