world: 4a3cd58c-44ef-41fd-9297-3ce88a41f351
world-name: grifer
x: 384.30466123366807
y: 81.0
z: -2509.6747040577998
yaw: 179.93190002441406
pitch: 9.742302894592285
name: hot1
lastowner: 2d2b8a17-6caa-38ab-b523-32153165b0f3
