world: 4a3cd58c-44ef-41fd-9297-3ce88a41f351
world-name: grifer
x: 510.28569060853965
y: 84.0
z: -2517.0130154929752
yaw: 87.08218383789062
pitch: 22.942276000976562
name: hot2
lastowner: 2d2b8a17-6caa-38ab-b523-32153165b0f3
