world: 4a3cd58c-44ef-41fd-9297-3ce88a41f351
world-name: grifer
x: 19.41937665743568
y: 64.0
z: -193.55885038131686
yaw: 90.76803588867188
pitch: 15.450191497802734
name: jail
lastowner: 2d2b8a17-6caa-38ab-b523-32153165b0f3
