world: 4a3cd58c-44ef-41fd-9297-3ce88a41f351
world-name: grifer
x: -753.3000000119209
y: 188.0
z: -7181.810972979828
yaw: 80.19024658203125
pitch: 43.79987716674805
name: ma1
lastowner: 84e73d08-b7f3-3873-8d20-36444e597539
