world: 4a3cd58c-44ef-41fd-9297-3ce88a41f351
world-name: grifer
x: -782.6999999880791
y: 188.0
z: -7181.504915263605
yaw: -95.02734375
pitch: 51.14976501464844
name: ma2
lastowner: 84e73d08-b7f3-3873-8d20-36444e597539
