world: 4a3cd58c-44ef-41fd-9297-3ce88a41f351
world-name: grifer
x: -782.6999999880791
y: 188.0
z: -7154.428616013944
yaw: -96.52655029296875
pitch: 43.04978561401367
name: ma3
lastowner: 84e73d08-b7f3-3873-8d20-36444e597539
