world: 4a3cd58c-44ef-41fd-9297-3ce88a41f351
world-name: grifer
x: -753.3000000119209
y: 188.0
z: -7153.8954999626585
yaw: 83.75286865234375
pitch: 47.849857330322266
name: ma4
lastowner: 84e73d08-b7f3-3873-8d20-36444e597539
