world: 4a3cd58c-44ef-41fd-9297-3ce88a41f351
world-name: grifer
x: -700.814543776256
y: 63.0
z: -7177.829782924299
yaw: 157.8162841796875
pitch: 52.855960845947266
name: pa1
lastowner: 84e73d08-b7f3-3873-8d20-36444e597539
