world: 4a3cd58c-44ef-41fd-9297-3ce88a41f351
world-name: grifer
x: -757.6369120701705
y: 63.0
z: -7245.699999988079
yaw: -2.852142333984375
pitch: 28.85517692565918
name: pa10
lastowner: 84e73d08-b7f3-3873-8d20-36444e597539
