world: 4a3cd58c-44ef-41fd-9297-3ce88a41f351
world-name: grifer
x: -754.7144162316345
y: 63.0
z: -7245.699999988079
yaw: -0.75152587890625
pitch: 35.60520553588867
name: pa11
lastowner: 84e73d08-b7f3-3873-8d20-36444e597539
