world: 4a3cd58c-44ef-41fd-9297-3ce88a41f351
world-name: grifer
x: -754.9278980467718
y: 63.0
z: -7238.300000011921
yaw: -178.356689453125
pitch: 52.40529251098633
name: pa12
lastowner: 84e73d08-b7f3-3873-8d20-36444e597539
