world: 4a3cd58c-44ef-41fd-9297-3ce88a41f351
world-name: grifer
x: -704.6999999880791
y: 63.0
z: -7177.300000011921
yaw: -172.94293212890625
pitch: 52.55595779418945
name: pa2
lastowner: 84e73d08-b7f3-3873-8d20-36444e597539
