world: 4a3cd58c-44ef-41fd-9297-3ce88a41f351
world-name: grifer
x: -707.1978777844051
y: 63.0
z: -7177.985168921458
yaw: 172.6650390625
pitch: 58.10601043701172
name: pa3
lastowner: 84e73d08-b7f3-3873-8d20-36444e597539
