world: 4a3cd58c-44ef-41fd-9297-3ce88a41f351
world-name: grifer
x: -710.0435051437616
y: 63.0
z: -7177.928278183041
yaw: -179.23492431640625
pitch: 38.90581512451172
name: pa4
lastowner: 84e73d08-b7f3-3873-8d20-36444e597539
