world: 4a3cd58c-44ef-41fd-9297-3ce88a41f351
world-name: grifer
x: -689.4662794798517
y: 63.0
z: -7257.699999988079
yaw: 0.760498046875
pitch: 27.505104064941406
name: pa5
lastowner: 84e73d08-b7f3-3873-8d20-36444e597539
