world: 4a3cd58c-44ef-41fd-9297-3ce88a41f351
world-name: grifer
x: -689.3416515078754
y: 63.0
z: -7250.300000011921
yaw: 170.7032470703125
pitch: 47.60524368286133
name: pa6
lastowner: 84e73d08-b7f3-3873-8d20-36444e597539
