world: 4a3cd58c-44ef-41fd-9297-3ce88a41f351
world-name: grifer
x: -692.3000000119209
y: 63.0
z: -7257.699999988079
yaw: -3.8974609375
pitch: 46.25522994995117
name: pa7
lastowner: 84e73d08-b7f3-3873-8d20-36444e597539
