world: 4a3cd58c-44ef-41fd-9297-3ce88a41f351
world-name: grifer
x: -692.3000000119209
y: 63.0
z: -7250.340581028285
yaw: 177.15216064453125
pitch: 44.30529022216797
name: pa8
lastowner: 84e73d08-b7f3-3873-8d20-36444e597539
