world: 4a3cd58c-44ef-41fd-9297-3ce88a41f351
world-name: grifer
x: -757.9251607261787
y: 63.0
z: -7238.304655593397
yaw: -179.10134887695312
pitch: 20.15519905090332
name: pa9
lastowner: 84e73d08-b7f3-3873-8d20-36444e597539
