world: 4a3cd58c-44ef-41fd-9297-3ce88a41f351
world-name: grifer
x: -17.30000001192093
y: -41.0
z: 2311.8374298346444
yaw: 28.796802520751953
pitch: 48.90009307861328
name: portal
lastowner: 84e73d08-b7f3-3873-8d20-36444e597539
