world: 4a3cd58c-44ef-41fd-9297-3ce88a41f351
world-name: grifer
x: -9.462295667374757
y: 68.0
z: -173.39830895348882
yaw: 4.1763916015625
pitch: 0.1363341510295868
name: s
lastowner: 2d2b8a17-6caa-38ab-b523-32153165b0f3
