world: 4a3cd58c-44ef-41fd-9297-3ce88a41f351
world-name: grifer
x: -761.3000000119209
y: 72.20000004768372
z: -7197.608793330898
yaw: 13.560060501098633
pitch: 15.749317169189453
name: spleef1
lastowner: 84e73d08-b7f3-3873-8d20-36444e597539
