world: 4a3cd58c-44ef-41fd-9297-3ce88a41f351
world-name: grifer
x: -797.6999999880791
y: 72.20000004768372
z: -7161.300000011921
yaw: -124.43636322021484
pitch: 43.4992790222168
name: spleef6
lastowner: 84e73d08-b7f3-3873-8d20-36444e597539
