world: 4a3cd58c-44ef-41fd-9297-3ce88a41f351
world-name: grifer
x: -774.6999999880791
y: 72.20000004768372
z: -7197.699999988079
yaw: -64.28631591796875
pitch: 18.599252700805664
name: spleef8
lastowner: 84e73d08-b7f3-3873-8d20-36444e597539
