world: 4a3cd58c-44ef-41fd-9297-3ce88a41f351
world-name: grifer
x: -797.468362845192
y: 72.20000004768372
z: -7174.699999988079
yaw: -6.236602783203125
pitch: 18.749258041381836
name: spleef7
lastowner: 84e73d08-b7f3-3873-8d20-36444e597539
