world: 4a3cd58c-44ef-41fd-9297-3ce88a41f351
world-name: grifer
x: -738.3017376312297
y: 72.20000004768372
z: -7174.699999988079
yaw: 87.2135009765625
pitch: 13.199345588684082
name: spleef2
lastowner: 84e73d08-b7f3-3873-8d20-36444e597539
