world: 4a3cd58c-44ef-41fd-9297-3ce88a41f351
world-name: grifer
x: -774.6999999880791
y: 72.20000004768372
z: -7138.665982506703
yaw: -144.84075927734375
pitch: 14.699277877807617
name: spleef5
lastowner: 84e73d08-b7f3-3873-8d20-36444e597539
