world: 4a3cd58c-44ef-41fd-9297-3ce88a41f351
world-name: grifer
x: -761.3000000119209
y: 72.20000004768372
z: -7138.3257749163395
yaw: 112.2618408203125
pitch: 33.44933319091797
name: spleef4
lastowner: 84e73d08-b7f3-3873-8d20-36444e597539
