world: 4a3cd58c-44ef-41fd-9297-3ce88a41f351
world-name: grifer
x: -738.6999999880791
y: 72.20000004768372
z: -7161.300000011921
yaw: 108.66160583496094
pitch: 22.349342346191406
name: spleef3
lastowner: 84e73d08-b7f3-3873-8d20-36444e597539
