world: 4a3cd58c-44ef-41fd-9297-3ce88a41f351
world-name: grifer
x: -860.6982051344883
y: 63.0
z: -7145.867481422605
yaw: -90.30419921875
pitch: 3.149679660797119
name: zf1
lastowner: 84e73d08-b7f3-3873-8d20-36444e597539
