world: 4a3cd58c-44ef-41fd-9297-3ce88a41f351
world-name: grifer
x: -792.6999999880791
y: 63.0
z: -7087.674806677784
yaw: -91.774169921875
pitch: 22.949647903442383
name: zf2
lastowner: 84e73d08-b7f3-3873-8d20-36444e597539
